2000,1600,50,1
1946.7,1553.3,51,0.99967
1893.3,1506.7,52,0.99933
1840,1460,53,0.999
1786.7,1420,54,0.99867
1733.3,1380,55,0.99833
1680,1340,56,0.998
1640,1303.3,57,0.99767
1600,1266.7,58,0.99733
1560,1230,59,0.997
1473.3,1170,60,0.99667
1386.7,1110,61,0.99633
1300,1050,62,0.996
1273.3,1026.7,63,0.99533
1246.7,1003.3,64,0.99467
1220,980,65,0.994
1196.7,956.67,66,0.993
1173.3,933.33,67,0.992
1150,910,68,0.991
1126.7,886.67,69,0.99
1103.3,863.33,70,0.989
1080,840,71,0.988
1020,796.67,72.333,0.987
960,753.33,73.667,0.986
900,710,75,0.985
880,690,76,0.98433
860,670,77,0.98367
840,650,78,0.983
820,633.33,79,0.982
800,616.67,80,0.981
780,600,81,0.98
763.33,583.33,82,0.97833
746.67,566.67,83,0.97667
730,550,84,0.975
686.67,526.67,85,0.97333
643.33,503.33,86,0.97167
600,480,87,0.97
586.67,463.33,88,0.96833
573.33,446.67,89,0.96667
560,430,90,0.965
546.67,416.67,91,0.96333
533.33,403.33,92,0.96167
520,390,93,0.96
506.67,380,94,0.95833
493.33,370,95,0.95667
480,360,96,0.955
466.67,350,97.333,0.95333
453.33,340,98.667,0.95167
440,330,100,0.95
433.33,323.33,101,0.94833
426.67,316.67,102,0.94667
420,310,103,0.945
413.33,303.33,104,0.94333
406.67,296.67,105,0.94167
400,290,106,0.94
393.33,283.33,107,0.93833
386.67,276.67,108,0.93667
380,270,109,0.935
373.33,265,110,0.93333
366.67,260,111,0.93167
360,255,112,0.93
355,250,113,0.92833
350,245,114,0.92667
345,240,115,0.925
340,235,116,0.923
335,230,117,0.921
330,225,118,0.919
325,220,119,0.916
320,215,120,0.913
315,210,121,0.91
310,206.67,122.33,0.90667
305,203.33,123.67,0.90333
300,200,125,0.9
296.67,196.67,126.33,0.89667
293.33,193.33,127.67,0.89333
290,190,129,0.89
286.67,186.67,130.33,0.88667
283.33,183.33,131.67,0.88333
280,180,133,0.88
275,176.67,134.33,0.875
270,173.33,135.67,0.87
265,170,137,0.865
260,166.67,138.33,0.86
255,163.33,139.67,0.855
250,160,141,0.85
246.67,156.67,142.33,0.84
243.33,153.33,143.67,0.83
240,150,145,0.82
236.67,148.33,146.67,0.81
233.33,146.67,148.33,0.8
230,145,150,0.79
226.67,143.33,151.67,0.78
223.33,141.67,153.33,0.77
220,140,155,0.76
216.67,138.33,156.67,0.75
213.33,136.67,158.33,0.74
210,135,160,0.73
206.67,133.33,162.33,0.70667
203.33,131.67,164.67,0.68333
200,130,167,0.66
196.67,126.67,169.67,0.63667
193.33,123.33,172.33,0.61333
190,120,175,0.59
186.67,118.33,177.33,0.56333
183.33,116.67,179.67,0.53667
180,115,182,0.51
176.67,113.33,184.67,0.48333
173.33,111.67,187.33,0.45667
170,110,190,0.43
166.67,108.33,195,0.38667
163.33,106.67,200,0.34333
160,105,205,0.3
156.67,101.67,210,0.26667
153.33,98.333,215,0.23333
150,95,220,0.2
146.67,92.333,225,0.16667
143.33,89.667,230,0.13333
140,87,235,0.1
136.67,84.667,240,0.066667
133.33,82.333,245,0.033333
130,80,250,0
